150 700 30 1 2 20 70 3 5
77777777777777777777777777777444444777777557777777777777777777777777
77777711111111117777777774444441141177775557777777771111777777777777
77777777711111111177777444444711111117755577777777771111177777777777
77771111777771111111744471111714111417555177777777777711111777777777
77777111117777777777477711111111111115551117777777777777777777777777
77771111777777777777777111141111111155511111177777777777777777777777
77777777777777777777777111411111115155111111177777777777777777777777
00000000000000000000002111411111151551514411122000000000000000000000
00000000000000000000222111411111666555114411122200000000000000000000
00000000000000000002222211111116666111111111222220000000000000000000
00000000000000000022222441111115561111111114222222200000000000000000
00000000000000002222222444411155111111114444222222222000000000000000
00000000000000222222222444111111111111114444222222222220000000000000
00000000000022222222222444111144444411114444222222222222000000000000
00000000000222222222224444111444444441114444422222222222220000000000
00000000002222222222224444111444444444111444422222222222220000000000
00000000222222222222244444111444444444111444442222222222222200000000
00000022222222222222244444111444444444111444442222222222222222000000
00000222222222222222444441111144444441111144444222222222222222200000
00022222222222222222444411111444444444111114444222222222222222222000
00222222222222222222222222222222222222222222222222222222222222222200
02222222222222222222222222222222222222222222222222222222222222222220
22222222222222222222222222222222222222222222222222222222222222222222
