200 100 30 1 4 20 10 3 8
33333333333333333333333333333333333333333333333333333333333333333333
33333333333333333333333111111113333333333333333333111333333333333333
33333333333333333333333331111111133333333333333311111133333333333333
33333331111133333333333333311111113333333333333331113333333333333333
33333111111113333333333333333333333333333333333333333333333333333333
33333331111113333333333333333333333333333333333333333333333333333333
33333333333333333333333333333333333333333333333333333333333333333333
00000000000000000000001122211111111111112221111000000000000000000000
00000000000000000000111122222111111111222221111100000000000000000000
00000000000000000001111222122222222222221222111110000000000000000000
00000000000000000011112221112262222262211122211111100000000000000000
00000000000000001111122222222246222642222112221111111000000000000000
00000000000000111111212222122222222222222221212111111110000000000000
00000000000011111111122221112222444422211222121111111111000000000000
00000000000111111111112221111222222222211222111111111111110000000000
00000000001111111111122222111261666616212222211111111111110000000000
00000000111111111111121212111126666662112121211111111111111100000000
00000011111111111111212121111112244221111212121111111111111111000000
00000111111111111111111111111111141111111111111111111111111111100000
00011111111111111111111111111111114111111111111111111111111111111000
00111111111111111111111111111111141111111111111111111111111111111100
01111111111111111111111111111111444411111111111111111111111111111110
11111111111111111111111111111111144111111111111111111111111111111111
