200 300 20 2 4 20 40 4 7
33333333333333333333333333333333333333333333333333333333333333333333
33333333333333333333333333333333333333333333333333333333333333333333
33333333333333333333333333333333333333333333333333333333333333333333
33333333333333333333333333333333333333333333333333333333333333333333
33333333333333333333333333333333333333333333333333333333333333333333
33333333333333333333333333333333333333333333333333333333333333333333
33333333333333333333333333333333333333333333333333333333333333333333
00000000000000000000001111111111111111111111001000000000000000000000
00000000000000000000111111000000000000000111000100000000000000000000
00000000000000000001111110000000000000000011100010000000000000000000
00000000000000000011111100011111212121210001100011100000000000000000
00000000000000001111111100011110022222111000000111111000000000000000
00000000000000111111111110001000004040111100001111111110000000000000
00000000000011111111111111000001100000111111111111111111000000000000
00000000000111111111111111100111106460111111111111111111110000000000
00000000001111111111111111111111110401111111111111111111110000000000
00000000111111111111111111111111114141111111111111111111111100000000
00000011111111111111111111111111111111111111111111111111111111000000
00000111111111111111111111111111111111111111111111111111111111100000
00011111111111111111111111111111111111111111111111111111111111111000
00111111111111111111111111111111111111111111111111111111111111111100
01111111111111111111111111111111111111111111111111111111111111111110
11111111111111111111111111111111111111111111111111111111111111111111
