100 100 5 1 1 10 0 1 5
77777777777777777777777777777444444777777777777777777777777777777777
77777711111111117777777774444441141177777777777777771111777777777777
77777777711111111177777444444711111117777777777777771111177777777777
77771111777771111111744471111711111117711177777777777711111777777777
77777111117777777777477711111111111115511117777777777777777777777777
77771111777777777777777111171111111155171111177777777777777777777777
77777777777777777777777111711111116661111111177777777777777777777777
00000000000000000000002211111111166611112222222000000000000000000000
00000000000000000000222222211155551111112222222200000000000000000000
00000000000000000002222222211515515111112222222220000000000000000000
00000000000000000022222222215155252211112222222222200000000000000000
00000000000000002222222222211552222221112222222222222000000000000000
00000000000000222222222222115522222222111222222222222220000000000000
00000000000022222222222222155222222222111222222222222222000000000000
00000000000222222222222222551222222222111222222222222222220000000000
00000000002222222222222225511122222221111122222222222222220000000000
00000000222222222222222211111222222222111112222222222222222200000000
00000022222222222222222222222222222222222222222222222222222222000000
00000222222222222222222222222222222222222222222222222222222222200000
00022222222222222222222222222222222222222222222222222222222222222000
00222222222222222222222222222222222222222222222222222222222222222200
02222222222222222222222222222222222222222222222222222222222222222220
22222222222222222222222222222222222222222222222222222222222222222222
