180 33 40 1 10 40 30 10 10
77777777777777777777777777777777777777777777777777777777777777777777
77777777777777777777777777777726222627777777777777777777777777777777
77777777777777777777777777777224626422777777777777777777777777777777
77777777777777777777777777777222222222777777777777777777777777777777
77777777777777777777777777777722666227777777777777777777777777777777
77777777777777777777777772222222222222222277777777777777777777777777
77777777777777777777777222222222222222222222277777777777777777777777
11111111111111111111112222222222222222211222221111111111111111111111
11111111111111111111112222122222222222221122221111111111111111111111
11111111111111111111112221122222222222221222221111111111111111111111
11111111111111111111122221122221111122221122211111111111111111111111
11111111111111111111122211122211111112221166661111111111111111111111
11111111111111111111666611222111111111222166661111111111111111111111
11111111111111111111666611222111111111222111111111111111111111111111
11111111111111111111111111222111111111222111111111111111111111111111
11111111111111111111111112222211111112222211111111111111111111111111
11111111111111111111111122222111111111222221111111111111111111111111
11111111111111111111111111111111111111111111111111111111111111111111
11111111111111111111111111111111111111111111111111111111111111111111
11111111111111111111111111111111111111111111111111111111111111111111
11111111111111111111111111111111111111111111111111111111111111111111
11111111111111111111111111111111111111111111111111111111111111111111
11111111111111111111111111111111111111111111111111111111111111111111
