200 100 20 0 4 20 30 3 5
33333333333333333333333333333333333333333333333333333333333333333333
33333333311113333333111111333326222623333333333333333311111333333333
33333333331111333333311111133224626422333333111113333331111133333333
33333333333111133333111113333222222222333333331111133311111333333333
33333333331113333333333333333322666223333333311113333333333333333333
33333333333333333333333332222222222222222222333333333333333333333333
33333333333333333333333222222262262262222222233333333333333333333333
00000000000000000000002222222226626622666622221000000000000000000000
00000000000000000000112222122262262262666611221100000000000000000000
00000000000000000001112221122226626622222222221110000000000000000000
00000000000000000011122221122221111122221122211111100000000000000000
00000000000000001111122211122211111112221111111111111000000000000000
00000000000000111111666611222111111111222111111111111110000000000000
00000000000011111111666611222111111111222111111111111111000000000000
00000000000111111111111111222111111111222111111111111111110000000000
00000000001111111111111112222211111112222211111111111111110000000000
00000000111111111111111122222111111111222221111111111111111100000000
00000011111111111111111111111111111111111111111111111111111111000000
00000111111111111111111111111111111111111111111111111111111111100000
00011111111111111111111111111111111111111111111111111111111111111000
00111111111111111111111111111111111111111111111111111111111111111100
01111111111111111111111111111111111111111111111111111111111111111110
11111111111111111111111111111111111111111111111111111111111111111111
