100 133 20 0 2 20 0 2 4
33333333333333333333113333333333333333333333333333333333333333333333
33333333333333333331111113336666666666633333333333333333333333333333
33333333311113333333111333366666666666663333333333331111133333333333
33333333111111333333333333366666222666663331333333311111133333333333
33333111331111333333333333336662222266633333333331111111111113333333
33331111333333333333333366662222222222666633333333331111133333333333
33333333333333333333333622222222222222222266333333333333333333333333
00000000000000000000006222222222222222222222611000000000000000000000
00000000000000000000166226622222222222226662611100000000000000000000
00000000000000000001662266622222222222226666261110000000000000000000
00000000000000000011622266622226666622126666226111100000000000000000
00000000000000001116622666622266666662216622266611111000000000000000
00000000000000111166214141111111111111111222116661111110000000000000
00000000000011111666622466222666666666216666666666111111000000000000
00000000000111111666666666222666666666122666666666111111110000000000
00000000001111116666666462222266666662222266666666611111110000000000
00000000111111116616616622222666166166222226616661611111111100000000
00000011111111111111111411111111111111111111111111111111111111000000
00000111111111111111111111111111111111111111111111111111111111100000
00011111111111111111114441111111111111111111111111111111111111111000
00111111111111111111144444111111111111111111111111111111111111111100
01111111111111111111114441111111111111111111111111111111111111111110
11111111111111111111111111111111111111111111111111111111111111111111
