100 200 20 2 1 20 0 1 5
33333333333333333333333333333333333333333333333333333333333333333333
33333333333333333333333333333333333333333333333333333333333333333333
33333333333333333333333333333333333333333333333333333333333333333333
33333333333333333333333333333333333333333333333333333333333333333333
33333333333333333333333333333333333333333333333333333333333333333333
33333333333333333333333333333333333333333333333333333333333333333333
33333333333333333333333333333333333333333333333333333333333333333333
00000000000000000000001111111000111111111111111000000000000000000000
00000000000000000000111111111000011111111111111100000000000000000000
00000000000000000001111111111110000111111111111110000000000000000000
00000000000000000011111111111111000011111111111111100000000000000000
00000000000000001111111111111111110011111111111111111000000000000000
00000000000000111111111111111111106060111111111111111110000000000000
00000000000011111111111111111111100000111111111111111111000000000000
00000000000111111111111111111111106460111111111111111111110000000000
00000000001111111111111111111111110401111111111111111111110000000000
00000000111111111111111111111111114141111111111111111111111100000000
00000011111111111111111111111111111111111111111111111111111111000000
00000111111111111111111111111111111111111111111111111111111111100000
00011111111111111111111111111111111111111111111111111111111111111000
00111111111111111111111111111111111111111111111111111111111111111100
01111111111111111111111111111111111111111111111111111111111111111110
11111111111111111111111111111111111111111111111111111111111111111111
