50 66 1 0 1 0 0 0 0
33333333333333333333333333333333333333333333333333333333333333333333
33333333333111111333333333333322222223333333333333311113333333333333
33333333111111111133333333333222222222333333333333111111333333111333
33331111333311111333333333333222222222333333333333311113333331111133
33311111113333333333333333333332222233333333333333333333333333311133
33333111133333333333333333332222222222233333333333333333333333333333
33333333333333333333333322222222222222222222333333333333333333333333
00000000000000000000001222222222222222222222211000000000000000000000
00000000000000000000111221122222222222221112211100000000000000000000
00000000000000000001112211122222222222221111221110000000000000000000
00000000000000000011122211122221111122221111222211100000000000000000
00000000000000001111122111122211111112221111266211111000000000000000
00000000000000111111222211222111111111222111116111111110000000000000
00000000000011111111122111222111111111222111116111111111000000000000
00000000000111111111111111222111111111222111116111111111110000000000
00000000001111111111111112222211111112222211111611111111110000000000
00000000111111111111111122222111111111222221111611111111111100000000
00000011111111111111111111111111111111111111111611111111111111000000
00000111111111111111111111111111111111111111111111111111111111100000
00011111111111111111111111111111111111111111111111111111111111111000
00111111111111111111111111111111111111111111111111111111111111111100
01111111111111111111111111111111111111111111111111111111111111111110
11111111111111111111111111111111111111111111111111111111111111111111
