100 140 10 0 2 10 0 1 3
33333333333333333333333333333333333333333333333333333333333333333333
33333111333333333333333333333111113333333333333333333333333333333333
33311111113333333333333333311111111133333333333113333333331111133333
33333311113333333333333333333111111333333333311111333333333111113333
33333333333333333333333333333333333333333333333113333333331111133333
33333333333333333333333333333333333333333333333333333333333333333333
33333333333333333333333333333333333333333333333333333333333333333333
00000000000000000000001122211111111111112221111000000000000000000000
00000000000000000000111112222111111111222211111100000000000000000000
00000000000000000001111111122222222222221111111110000000000000000000
00000000000000000011111111112262222262211111111111100000000000000000
00000000000000001111111122222246222642222111111111111000000000000000
00000000000000111111111222122222222222222221111111111110000000000000
00000000000011111111112221112224444442211222111111111111000000000000
00000000000111111111112221111222222222211222111111111111110000000000
00000000001111111111122222111111111111112222211111111111110000000000
00000000111111111111111111111111111111111111111111111111111100000000
00000011111111111111111111111111111111111111111111111111111111000000
00000111111111111111111111111111111111111111111111111111111111100000
00011111111111111111111111111111111111111111111111111111111111111000
00111111111111111111111111111111111111111111111111111111111111111100
01111111111111111111111111111111111111111111111111111111111111111110
11111111111111111111111111111111111111111111111111111111111111111111
