150 200 20 2 3 20 20 2 5
33333333333333333333333333333333333333333333333333333333333333333333
33333333333333333333333333333333333333333333333333333333333333333333
33333333333333333333333333333333333333333333333333333333333333333333
33333333333333333333333333333333333333333333333333333333333333333333
33333333333333333333333333333333333333333333333333333333333333333333
33333333333333333333333333333333333333333333333333333333333333333333
33333333333333333333333333333333333333333333333333333333333333333333
00000000000000000000001100111000111111100011111000000000000000000000
00000000000000000000011110011000011111060601111100000000000000000000
00000000000000000000001111001110000111000001111110000000000000000000
00000000000000000011000111001111000011064601111000100000000000000000
00000000000000001111100011100111110011104011110001111000000000000000
00000000000000111111600061100111106060114111100011111110000000000000
00000000000000001111000001060601100000141400000111111111000000000000
00000000000110000111064601000001106460111106060111111111110000000000
00000000001111000011104011064601110401111100000111111111100000000000
00000000111111110011141411114111114141111114461111111000000100000000
00000011111111110006011111141411111111111144110606011000001111000000
00000111111111111060011111111111111111111414110000000000111111100000
00011111111111111000441111111111111111111111110646000001111111111000
00111111111111111111144111111111111111111111111040111111111111111100
01111111111111111111141111111111111111111111111414111111111111111110
11111111111111111111111111111111111111111111111111111111111111111111
