150 100 20 2 2 20 30 3 6
33333333333333333333333333333333333333333333333333333333333333333333
33333333333333333333333333333333333333333333333333333333333333333333
33333333333333333333333333333333333333333333333333333333333333333333
33333333333333333333333333333333333333333333333333333333333333333333
33333333333333333333333333333333333333333333333333333333333333333333
33333333333333333333333333333333333333333333333333333333333333333333
33333333333333333333333333333333333333333333333333333333333333333333
00000000000000000000001111111000111111111111111000000000000000000000
00000000000000000000011111111000011111111111111100000000000000000000
00000000000000000000001111111110000111111111111110000000000000000000
00000000000000000011000111111111000011111111111000100000000000000000
00000000000000001111100011111111110011111111110001111000000000000000
00000000000000111111600061111111106060111111100011111110000000000000
00000000000011111111000001111111100000111100000111111111000000000000
00000000000111111111064601111111106460111106060111111111110000000000
00000000001111111111104011111111110401111100000111111111110000000000
00000000111111111111141411111111114141111114461111111111111100000000
00000011111111111111111111111111111111111144111111111111111111000000
00000111111111111111111111111111111111111414111111111111111111100000
00011111111111111111111111111111111111111111111111111111111111111000
00111111111111111111111111111111111111111111111111111111111111111100
01111111111111111111111111111111111111111111111111111111111111111110
11111111111111111111111111111111111111111111111111111111111111111111
