200 500 20 1 3 50 20 4 5
33333333333333333333333333333333333333333333333333333333333333333333
33333333333333333333333333333366666663333333333333333333333333333333
33333333333333333333333333333666666666333333333333333333333333333333
33333333333333333333333333333666666666333333333333333333333333333333
33333333333333333333333333333336666633333333333333333333333333333333
33333333333333333333333333336666666666633333333333333333333333333333
33333333333333333333333366666666666666666666333333333333333333333333
66660000000000006600001666666666666666666666611006600000000000000000
00006660006666000660111661166666666666661116611166000000000000006666
00000006660000660661116611166666666666661111661166000000000006666666
00000000000000000661166611166661111166661111666116600000000006600000
66666000066600006611166111166611111116661111166116611000000000000000
00000666600000116611666611666111111111666111666611111110000660000666
00000000000011111661166111666111111111666111166111111111000666666666
00000000000111111111111111666111111111666111111111661111110000666600
00000666601111111111611116666611111116666611111111166611166000000000
66660000166661111111661166666111111111666661111111116661116600000000
00000011111116611116666111111111111111111111111111166666611666006666
00000666666111111111666611111111111111111111111111666666111116666000
00666661166661111111666661111111111111111111111116666666611111111000
06666611111111111111166666666111111111111111111116666666666111111100
66611111111111111116666666666111111111111111111166666666666111111110
66111111111111111666666666666666111111111111666666666666666661111111
